A = [0.328013020767 0.314636338321;
0.335381264609 0.346137059821;
0.312023400251 0.301938052201;
0.291349982701 0.233030935926;
0.3392014295 0.341144401408;
0.316295891243 0.334304447989;
0.299661510679 0.288710412395;
0.352726943622 0.37081605529;
0.28273263968 0.331079466343;
0.261075230163 0.215801498696;
0.269252879674 0.263619148882;
0.328909782875 0.340811245285;
0.321680269698 0.380563403458;
0.256888078783 0.262323865219;
0.304391568146 0.350324169008;
0.2537161844 0.223877496772;
0.295947224965 0.311817675502;
0.312849818148 0.261567681831;
0.339726184147 0.33944646971;
0.27398602567 0.346442495127;
0.27297235513 0.308442317916;
0.302955579184 0.30408559277;
0.317202754361 0.265724665198;
0.30325834789 0.306417179312;
0.322516484815 0.302441710336;
0.329730293748 0.36214602162;
0.369395635554 0.373279916964;
0.310090664371 0.35253550543;
0.294297756175 0.334613554087;
0.297994438959 0.240202779676;
0.283723576618 0.23414571783;
0.302457363949 0.268098402572;
0.31539831903 0.327161590846;
0.302623629782 0.282783473836;
0.269969410057 0.277800055695;
0.328346354101 0.349803422698;
0.330773060598 0.372353991038;
0.355529674354 0.332004253057;
0.284925242399 0.316249082302;
0.38086178409 0.388490417964;
0.33499165422 0.319806080859;
0.261629967174 0.358136756031;
0.275633494511 0.375491253386;
0.304919664481 0.301898179793;
0.27715188645 0.256468950153;
0.293729989958 0.223169413433;
0.312793406074 0.317001721475;
0.305113929605 0.267482595377;
0.342720429019 0.327652337915;
0.296581327055 0.295553910028;
0.250159987511 0.296738310423;
0.32637932373 0.358994202678;
0.268432174713 0.290570618465;
0.27457621326 0.363431432116;
0.270310776942 0.245649983545;
0.322676058834 0.343639401534;
0.34188150511 0.34948608896;
0.330936718902 0.273378522063;
0.282759052513 0.26114541404;
0.303636979655 0.256515784411;
0.326159202721 0.242963595858;
0.269484865362 0.280690995165;
0.315576069804 0.273269031164;
0.298317392809 0.283435102909;
0.268909546594 0.27241525531;
0.325367315595 0.197905875801;
0.294379281537 0.324013442698;
0.306786427348 0.334920128604;
0.272174096858 0.29778562568;
0.322322506603 0.268391939445;
0.315443094268 0.329872028556;
0.266481717762 0.273139287613;
0.245889023907 0.22026657553;
0.289951975899 0.309589630642;
0.338260854156 0.327068934964;
0.29502183911 0.292338421812;
0.346253318481 0.338770664034;
0.308081981047 0.361493000177;
0.3150860147 0.385111389585;
0.309778992937 0.268011695906;
0.360923250888 0.359492164755;
0.287796266761 0.338563707248;
0.31015866265 0.328639401534;
0.288652970811 0.256001113896;
0.268336413424 0.278738006633;
0.310015704244 0.255845041898;
0.33582543058 0.328809017493;
0.309370201598 0.272350446824;
0.286824814562 0.355431128326;
0.27108849565 0.299334573808;
0.305365450664 0.259054327739;
0.327194374826 0.247194121668;
0.265107718792 0.255949722792;
0.285524020489 0.306072124756;
0.316867117288 0.365622389307;
0.263353248441 0.317203615098;
0.317428022919 0.240924406977;
0.260796570551 0.310811245285;
0.258461574812 0.292093111567;
0.265376876535 0.229962152857;
0.278451330346 0.300927951191;
0.314909782875 0.312528290423;
0.297346050311 0.343117516012;
0.312918525269 0.33793600162;
0.306582786934 0.285905166958;
0.312895133457 0.31338573707;
0.287615191177 0.341893369788;
0.327745862974 0.297625882889;
0.269878163422 0.282694235589;
0.32247289942 0.347580061264;
0.273848662059 0.297962456647;
0.322728631343 0.376450849346;
0.308622304921 0.259118123592;
0.336167480992 0.23599643047;
0.317111684936 0.36736740842;
0.26859635621 0.261602364497;
0.30850562433 0.290451760715;
0.288053281352 0.287396015291;
0.288046910205 0.228579276474;
0.307045889134 0.28052758158;
0.274856737804 0.341034910509;
0.311393914078 0.337902331587;
0.316496746918 0.322648667122;
0.299521640802 0.364233437128;
0.302853488941 0.338080301765;
0.279343409028 0.346076934761;
0.30744187067 0.267653350548;
0.252311080732 0.255047720311;
0.281894112385 0.284727728412;
0.30013246922 0.345577960052;
0.285597073492 0.23375610744;
0.324961671856 0.299053315106;
0.27865563741 0.266734639629;
0.277014041839 0.272428672692;
0.336543986228 0.288153844206;
0.287489751314 0.285312270575;
0.349552880518 0.360513024987;
0.255645055399 0.275063289537;
0.323642110326 0.373278777752;
0.27922235724 0.30098554467;
0.247973198991 0.252161590846;
0.288733078487 0.350347079821;
0.305412909378 0.325212273107;
0.311269334954 0.381189969874;
0.332119760681 0.33715690742;
0.34644501827 0.310120883016;
0.286233040514 0.373796992481;
0.274364952786 0.273608263082;
0.311239631064 0.319450013924;
0.319639764394 0.27415660363;
0.364126714092 0.315827953723;
0.365524484612 0.356212754107;
0.282099820258 0.300229234703;
0.272687864442 0.267560947824;
0.310181311866 0.286530214425;
0.268604693552 0.244662793347;
0.299950110968 0.316679577732;
0.290858737753 0.330452899927;
0.357589639081 0.340592390066;
0.293030319908 0.309293562188;
0.278261360472 0.308539783803;
0.327165514797 0.28385724412;
0.297592786681 0.258091060986;
0.289118840873 0.262434495329;
0.269655038269 0.319059137743;
0.322440950862 0.313261816157;
0.274356294777 0.236125034809;
0.27135555218 0.222867522341;
0.292674134832 0.297434495329;
0.273944642752 0.286374015848;
0.256920229868 0.330339864814;
0.304521615487 0.366821219716;
0.265051382665 0.359016986912;
0.263694615326 0.255149869624;
0.323008008236 0.350997569682;
0.290462595884 0.340147338042;
0.273627418715 0.234844434318;
0.305103786402 0.320233918129;
0.3172349392 0.261244019139;
0.277002202476 0.289783170046;
0.333430166325 0.334118123592;
0.234969249724 0.386130984026;
0.333104731526 0.346061365535;
0.266480190375 0.227944355839;
0.335150865379 0.271303004987;
0.278003662355 0.256191109086;
0.304579175211 0.280313283208;
0.280979148207 0.318147641832;
0.324437862333 0.29010531379;
0.305376817465 0.35735513025;
0.340792258424 0.335154679628;
0.326063686151 0.263074352548;
0.264784663679 0.210808713703;
0.257464697096 0.339546087441;
0.292259394277 0.29948748133;
0.279994438959 0.236046808942;
0.306151067905 0.328510797195;
0.294957165641 0.320855927698;
0.249189826418 0.206771980456;
0.27937539134 0.228465102149;
0.295885834114 0.25717602086;
0.346511295073 0.308960532645;
0.278792300617 0.353112832587;
0.264843987072 0.279198627883;
0.288697762926 0.289514948989;
0.254658523413 0.261651730336;
0.261906660591 0.200989215463;
0.255542804824 0.277706260601;
0.293245242736 0.221522999418;
0.322432951065 0.39286499076;
0.243443735602 0.223907622592;
0.33137254753 0.375170248854;
0.310116714345 0.317350446824;
0.261420706649 0.274240652135;
0.32006508696 0.275172780436;
0.260899065846 0.37552492342;
0.294910905209 0.331431735905;
0.251937048007 0.363790916686;
0.2670226239 0.300255689729;
0.262580002194 0.281375155059;
0.304246103474 0.313929394193;
0.321540939892 0.363578263841;
0.298972194797 0.356020353915;
0.286609621697 0.335158223842;
0.286411508569 0.263193336878;
0.308053205404 0.228525227209;
0.278035307123 0.270369864054;
0.320820578382 0.271574770259;
0.273168324853 0.306009594694;
0.306367518122 0.31270777955;
0.25737267411 0.325597073492;
0.317565968794 0.263563707248;
0.270028075239 0.350597073492;
0.36093848257 0.346954760639;
0.280665417753 0.272251841726;
0.257441052125 0.269571529835;
0.30193569783 0.290884534569;
0.268537851362 0.284062681957;
0.334610060505 0.270888078783;
0.326888618854 0.340777575251;
0.348679847768 0.346574896838;
0.320918803743 0.300078985342;
0.303688682987 0.219579884054;
0.321945157507 0.314141034404;
0.231974701062 0.282047416521;
0.326302439601 0.316062504747;
0.349136114698 0.331121490595;
0.352181008076 0.338782689046;
0.272479110233 0.200431128326;
0.338929385754 0.309828865092;
0.313782824064 0.259810637705;
0.328147338042 0.303789777474;
0.3526717889 0.309560644034;
0.268196746074 0.340484038379;
0.292230973056 0.323310042784;
0.337640506991 0.30750550619;
0.277214619039 0.256912609807;
0.314768073382 0.349346472241;
0.268167843852 0.243673071568;
0.265119701611 0.368526366421;
