A = [0.308416267943 0.314584377611;
0.312345105187 0.311184210526;
0.358265740108 0.32492898914;
0.357071124782 0.345048036759;
0.374372712083 0.391858813701;
0.347922761449 0.328235171261;
0.363021607048 0.354916457811;
0.376183489026 0.340430242272;
0.34072913344 0.396025480368;
0.377778727121 0.350192147034;
0.345734449761 0.339835004177;
0.355602415129 0.280020885547;
0.389842674869 0.351568504595;
0.352266195793 0.394676274018;
0.354992291334 0.360271512114;
0.298224082935 0.305350877193;
0.328825282904 0.340603592314;
0.324120908331 0.346171679198;
0.329260423787 0.293222639933;
0.365220285562 0.32742898914;
0.335317156528 0.351700083542;
0.346630097972 0.31242898914;
0.327298397509 0.307692147034;
0.372080314422 0.406422305764;
0.285783967494 0.325271512114;
0.38322822207 0.354200083542;
0.276037935748 0.341727234754;
0.367002582213 0.283009607352;
0.377849889876 0.356422305764;
0.362130097972 0.313803258145;
0.366243373585 0.342493734336;
0.318416267943 0.31470342523;
0.369840244551 0.385112781955;
0.33357814992 0.290139933166;
0.327800106326 0.317890559733;
0.344215956558 0.372414369256;
0.329745006456 0.271819131161;
0.3275215311 0.333366750209;
0.360628844839 0.357481203008;
0.346358016253 0.349993734336;
0.326839333181 0.238936925647;
0.365884787727 0.37970342523;
0.398701526544 0.363460735171;
0.31958825093 0.370881370092;
0.357096643123 0.30074770259;
0.356544429255 0.299227234754;
0.334295777322 0.34066833751;
0.331948469659 0.337758980785;
0.383109895952 0.290350877193;
0.372459102301 0.357414369256;
0.349952077163 0.348711361738;
0.334378408142 0.341647869674;
0.30126953748 0.327890559733;
0.314400660743 0.335271512114;
0.36964354067 0.316660401003;
0.343170502013 0.290695488722;
0.352508885851 0.270655806182;
0.345402825245 0.324187552214;
0.304197387408 0.363671679198;
0.346974975317 0.348644527987;
0.306921584264 0.339651211362;
0.324509341536 0.331223893066;
0.324025214552 0.28070802005;
0.357734449761 0.337573099415;
0.327713070555 0.316449456976;
0.368330143541 0.31589390142;
0.376860978203 0.347096908939;
0.348621629832 0.30216374269;
0.304374420901 0.312692147034;
0.306454697349 0.350946115288;
0.367400394927 0.350762322473;
0.382892724235 0.387865497076;
0.309465064176 0.258009607352;
0.364962443989 0.302969924812;
0.356461266803 0.372917710944;
0.356054796081 0.320390559733;
0.397731108073 0.384001670844;
0.340898230425 0.278922305764;
0.324450899977 0.352850877193;
0.389652464495 0.354782790309;
0.338278727121 0.33193817878;
0.310185311764 0.360271512114;
0.355689261031 0.317084377611;
0.365144262171 0.349755639098;
0.326410761753 0.361211361738;
0.376885243412 0.29466374269;
0.323564897091 0.334465329992;
0.31759375712 0.322151211362;
0.357704868231 0.335985797828;
0.384320308347 0.371489139515;
0.372353041695 0.312215956558;
0.368342674869 0.348525480368;
0.364014657857 0.33839390142;
0.364845105187 0.34470342523;
0.343347459558 0.340628654971;
0.375085364927 0.359755639098;
0.367869370396 0.291330409357;
0.330562011088 0.338686299081;
0.354543517886 0.331858813701;
0.349726968937 0.37970342523;
0.364162565505 0.304636591479;
0.300932862459 0.292930242272;
0.341831396674 0.309081035923;
0.278400850611 0.350231829574;
0.373048568391 0.333366750209;
0.353170957697 0.329175020886;
0.294852510063 0.34074770259;
0.338926634769 0.34193817878;
0.346251765778 0.32589390142;
0.355038923065 0.312096908939;
0.331430887826 0.358842940685;
0.320099984811 0.295774853801;
0.319751499962 0.311303258145;
0.366136781347 0.338870091896;
0.385165907192 0.371846282373;
0.327950634161 0.33865914787;
0.340287574998 0.309730576441;
0.371694311536 0.30443817878;
0.317760689603 0.3059732665;
0.372188273715 0.361913116124;
0.330751689831 0.356635338346;
0.363752487279 0.316422305764;
0.294836637047 0.330946115288;
0.360710184552 0.37115914787;
0.312238778765 0.262930242272;
0.357130819473 0.341065162907;
0.307995633022 0.362335004177;
0.310853231564 0.337865497076;
0.371802992329 0.334160401003;
0.29818485608 0.284874686717;
0.309468140047 0.299782790309;
0.347966772993 0.340311194653;
0.357716867927 0.330417710944;
0.365477139819 0.312652464495;
0.339318409661 0.33070802005;
0.351544695071 0.364279448622;
0.347505999848 0.342136591479;
0.347226968937 0.397533416876;
0.343353041695 0.31193817878;
0.36234799119 0.367335004177;
0.330576175287 0.380271512114;
0.320482646009 0.354571846282;
0.362661046556 0.367493734336;
0.359758259285 0.326370091896;
0.354038923065 0.292587719298;
0.368355661882 0.37443817878;
0.337578073973 0.355814536341;
0.38067771702 0.335457393484;
0.331054796081 0.326263575606;
0.341235816815 0.351303258145;
0.357885243412 0.331581035923;
0.418059390901 0.375787385129;
0.36370414673 0.352533416876;
0.315051910078 0.301608187135;
0.374064441407 0.349782790309;
0.346646882357 0.311104845447;
0.324631730842 0.356223893066;
0.378035771246 0.347811194653;
0.31708825093 0.367838345865;
0.298664198375 0.355469924812;
0.376983823194 0.369358813701;
0.315514392041 0.359755639098;
0.355663476874 0.293155806182;
0.371315523658 0.387295321637;
0.324571656414 0.302374686717;
0.378248158274 0.34962406015;
0.30146939318 0.333922305764;
0.322893635604 0.313817878028;
0.342636781347 0.3659732665;
0.337651742994 0.296052631579;
0.358342219184 0.298525480368;
0.365774853801 0.333487886383;
0.317065808461 0.334876775272;
0.322320574163 0.318116123642;
0.366126680337 0.323592314119;
0.339894888737 0.285695488722;
0.360018455229 0.304108187135;
0.323927546138 0.272190893901;
0.344734183945 0.333327067669;
0.32576790461 0.34716374269;
0.356398951925 0.344147869674;
0.340128579023 0.35824770259;
0.332403015114 0.306581035923;
0.391644527987 0.361144527987;
0.342133895344 0.324001670844;
0.338912850308 0.295509607352;
0.295826801853 0.304108187135;
0.394759968102 0.314636591479;
0.346294600137 0.403287385129;
0.355440798967 0.316858813701;
0.348440798967 0.3448893066;
0.347943874839 0.295774853801;
0.351034062429 0.348262322473;
0.365794600137 0.321040100251;
0.317793347004 0.273366750209;
0.366911483254 0.329279448622;
0.392364319891 0.333922305764;
0.295497721577 0.300127401838;
0.365940077466 0.372481203008;
0.352964608491 0.369294068505;
0.35536359839 0.357270258981;
0.32049897471 0.267997076023;
0.347709463052 0.317270258981;
0.325638490165 0.374016290727;
0.359035771246 0.319557226399;
0.335025936052 0.372600250627;
0.387282068808 0.334782790309;
0.365330143541 0.349584377611;
0.324459557986 0.311052631579;
0.34771903243 0.28320802005;
0.315083390294 0.335338345865;
0.36505335308 0.346382623225;
0.332239044581 0.323723893066;
0.374588706615 0.325073099415;
0.321215235057 0.315152464495;
0.358196931723 0.287813283208;
0.387567327409 0.336501670844;
0.337816890712 0.357890559733;
0.340861433888 0.362255639098;
0.355069226096 0.337905179616;
0.357463431306 0.327414369256;
0.318956406167 0.347560568087;
0.354663476874 0.280985797828;
0.323928723323 0.301873433584;
0.337583200425 0.33093358396;
0.355693969773 0.316409774436;
0.349382813093 0.33861946533;
0.341168527379 0.231620718463;
0.385618288145 0.290827067669;
0.377477139819 0.326528822055;
0.346315523658 0.360881370092;
0.344834282676 0.311052631579;
0.344869370396 0.342335004177;
0.302038923065 0.299041353383;
0.336022328549 0.271965329992;
0.341367395762 0.304358813701;
0.309912128807 0.336489139515;
0.334424204451 0.30324770259;
0.368684400395 0.34701754386;
0.339505999848 0.356501670844;
0.331322662717 0.327969924812;
0.34468394471 0.336885964912;
0.344546403889 0.323446115288;
0.321182235893 0.28201754386;
0.353906622617 0.35443817878;
0.330148515227 0.299306599833;
0.290830599225 0.291065162907;
0.378940343282 0.345588972431;
0.365792891319 0.362811194653;
0.376876129718 0.311382623225;
0.313131465026 0.309028822055;
0.33906968178 0.303116123642;
0.357467038809 0.340469924812;
0.367604123946 0.340616123642;
0.345284233311 0.309160401003;
0.326060036455 0.320444862155;
0.346382091593 0.302746449457;
0.333435026961 0.374901837928;
0.361850155692 0.270802005013;
